y_y
13.290476250394443
12.86615662490134
12.344994100534283
12.573506580216085
13.181467558837083
14.083359682209931
13.611273351116393
13.42497045516456
13.030129309273796
13.074950650284782
12.974465665835131
12.986544466303009
14.46448770673378
14.88709972384754
12.938157333365794
14.67153505135487
12.384356240527302
12.081967647983975
13.659772335136621
13.219335066398997
12.68571205702371
14.171996523415105
13.411869188998155
13.505122378511345
13.321859911330222
13.592800688037826
14.440917921297272
13.642155564195223
12.372889002231659
12.363849986535849
14.961442467805515
12.691075205956157
13.732205270321852
12.418561492013534
14.141735110979258
14.242841707621421
14.513307386062573
13.619431018992339
11.845204214985735
13.044632650157483
12.400826143255967
13.490314965387974
13.01011971044995
13.473877811447236
12.346925127454965
12.779690012996731
12.716819980517629
13.023199849132636
11.702565903744185
11.601687200923461
12.023062878597216
12.722198415648448
12.752134535253555
14.131141354142535
12.824716640298886
11.393372147602975
12.08595064373586
11.446091113914026
13.180595533627734
14.02524814140859
11.876130847331785
12.279916809701776
12.92618384293297
13.162159383469593
11.573156318068193
12.431535496203715
13.876538596277982
14.003861322666095
13.819008603816613
12.915866931198876
13.407279363401706
13.813079847852539
12.110759094141972
13.286039956331262
13.041980463123561
12.41469689241614
13.024316202629477
12.550443172877642
12.225277487235767
12.56831030568256
11.908666916513935
13.346698019541932
11.917090671410573
12.29119296594477
12.144909218134305
13.650532615734503
12.642158298965679
12.366262706976642
14.786760123346346
12.71092124211601
12.665916661308788
12.75921408922022
13.526631348909026
12.545666338832751
13.323008977724246
12.242354549972667
12.02479766558679
12.408885498202077
12.829792522487306
13.519194545384131
11.812859567800388
12.933904268504127
12.375666626955585
11.462146773757546
13.631980882164045
11.161651985885507
11.959186085210634
12.526983486860303
11.096876805911744
12.42597138677077
11.290395137620571
11.632543225816033
12.940327909402566
14.269891414808349
12.055942762336546
13.467530962246078
12.800328630470917
14.723353643747888
12.667732902883536
13.085562784979263
13.030645392191335
13.670246602133464
13.350934039188562
13.408343688547571
14.066357838339943
11.503503466772145
12.362859008890016
12.507631420373412
12.51874123669484
13.758468864236876
13.383968642934855
12.965444373660374
13.932475092778386
13.12982887909473
14.288387173334627
12.400750634123018
11.454273444178758
13.89645077011423
12.377447941224018
13.13717360640936
13.429671016377497
13.494452736064884
12.888498685134651
14.209762897383895
12.633724182934351
12.268797750375116
13.790795297573663
12.560429863336074
13.268085975945734
13.266672452165928
13.570733313076214
14.072593373919188
13.713330324413215
11.789273389780705
13.870924473967959
13.546782951039553
12.58035195358085
12.120751650793014
13.261339467459864
13.604564829949382
13.530171053989266
13.05698452243123
13.746725484746044
13.35582414245542
13.539061286884754
12.674209464752144
13.263523137118119
12.791413132239509
12.08391505001732
13.174694721314816
12.33404840144738
12.366038815252754
11.737496587703037
13.043575300155625
12.165740309488418
12.51449117964609
13.672023060065703
13.674376673976644
12.45898867358146
12.31199105456771
12.908420524320308
13.448154732490247
12.81652405254054
13.632810350534802
12.318519949292645
12.29434352440188
14.535033707061269
12.34420944862905
11.85161409022737
13.501143056278863
13.034154044421332
12.451522372112034
12.176573138103336
13.393762326134514
12.527197934078988
12.51508230939108
12.595883022600638
12.007450080397897
14.446645064415003
13.587725965669359
13.717157780132547
14.011409187119648
13.5408170810587
13.482170479486616
13.591457614154843
14.586616061722129
13.280530114156035
14.339502247036675
12.825763724065265
12.646933363526257
13.328749694369158
12.50356338978426
12.618846714659114
12.326006758405061
11.471211579457071
12.961165208992012
12.543281023322272
13.086246655453287
11.7842463972204
12.121708233522904
12.387651166820351
12.028350580275083
11.958795845587408
12.979775568015993
12.437951817536776
11.958746511191652
13.769117961902579
11.467383046995431
11.748790824855865
13.63458045122488
13.038099014996487
13.086392878267667
12.979642920518321
12.321396645499775
11.840942448843585
11.649140899282761
12.39293819503455
12.833136991470612
12.680909075937622
13.878593541737034
12.096404158117354
13.515419741273195
11.5435516481355
12.818095691476039
12.416253072187004
13.719411050884048
12.992380368983396
12.600071068617229
12.509307300284561
14.645513576022191
12.468476843030453
13.804210775564687
12.916229958657595
12.61721202510825
13.174436139130107
12.860080026518837
13.114465130383426
13.09790154316516
13.544898222586552
12.908268781694575
12.25105684559161
13.36957491263722
11.860154347391575
13.709957907989027
12.850088993798364
12.732179986880162
13.351311370275242
11.910604404291579
13.637581914618124
12.848487006535677
13.134683685041587
13.0036282118061
13.65928582875029
14.061389967581384
13.664749143882636
12.594544379946642
13.168349952757655
13.6721533023614
13.607204077572662
14.247861795451788
14.784742153230201
13.137982374586263
12.807273727801853
12.874756576626782
12.466494648071997
13.812724922544605
12.585855518809934
13.920600225611606
12.161482296471812
12.89919355729294
13.296459174776667
12.544693928184895
12.60767896954345
13.174288928178017
12.436644133524181
12.052401839920993
13.63083042180532
12.991273251868863
13.583511336798287
13.217625884420753
